99 1 0 
99 1 0 
99 1 0 
98 2 0 
98 2 0 
98 2 0 
98 2 0 
98 2 0 
96 4 0 
94 6 0 
92 8 0 
90 9 1 
89 10 1 
87 12 1 
87 11 2 
86 12 2 
84 14 2 
74 24 2 
71 27 2 
65 31 4 
60 34 6 
57 35 8 
50 40 10 
43 46 11 
35 52 13 
27 60 13 
21 65 14 
13 71 16 
12 62 26 
10 61 29 
8 57 35 
6 54 40 
6 51 43 
5 45 50 
5 38 57 
5 30 65 
4 23 73 
4 17 79 
4 9 87 
4 8 88 
4 6 90 
4 4 92 
4 2 94 
4 2 94 
4 1 95 
4 1 95 
4 1 95 
4 0 96 
